26754633 47.7867 21.6923
26754636 47.7797 21.686
26754638 47.7779 21.6845
26754639 47.7759 21.6827
26754643 47.7721 21.6794
26754654 47.7708 21.6781
26754657 47.7698 21.6774
26754659 47.7689 21.677
26754660 47.7676 21.6767
26754662 47.7653 21.6765
26754664 47.7613 21.6763
26754676 47.7601 21.6763
26754678 47.7569 21.6767
26754680 47.7518 21.6772
26754683 47.7477 21.6777
26754687 47.7434 21.6782
26754691 47.7426 21.6784
26754693 47.7418 21.6787
26754697 47.7407 21.6794
26754698 47.7395 21.6802
26754701 47.7385 21.6806
26754713 47.7375 21.6809
26754715 47.7364 21.6808
26754718 47.7349 21.6806
26754729 47.7326 21.6803
26754731 47.731 21.6799
26754733 47.7301 21.6796
26754751 47.727 21.6777
26754753 47.7255 21.6762
26754755 47.7243 21.6747
26754758 47.7232 21.6729
26754763 47.7202 21.668
26754764 47.7181 21.6646
26754766 47.7166 21.6628
26754768 47.7153 21.6616
26754769 47.7137 21.6607
26754773 47.709 21.6593
26754775 47.7052 21.6584
26754776 47.6998 21.6573
26754786 47.6957 21.6564
26754788 47.6934 21.6558
26754791 47.6899 21.6545
737313008 47.6886 21.6539
737313026 47.7009 21.6741
737313029 47.709 21.6761
737313030 47.7075 21.6755
737313031 47.7032 21.6744
737313032 47.7188 21.6774
737313033 47.7181 21.6775
737313035 47.717 21.6776
737313037 47.7127 21.6772
737313041 47.713 21.6822
737313043 47.7134 21.6844
737313045 47.7249 21.6796
737313046 47.7244 21.6796
737313048 47.7233 21.6791
737313051 47.7217 21.6784
737313053 47.7192 21.6774
737313055 47.7146 21.6897
737313057 47.7156 21.6926
737313062 47.7171 21.6966
737313063 47.7185 21.7001
737313064 47.7203 21.7052
737313065 47.7214 21.7076
737313105 47.7266 21.6796
737313163 47.7251 21.7141
737313164 47.7278 21.7184
737313165 47.7292 21.7212
737313166 47.7312 21.725
737313167 47.7329 21.7282
737313168 47.7339 21.7302
737313169 47.7339 21.7304
737313170 47.7347 21.7405
737313171 47.7345 21.7412
737313172 47.7336 21.7457
737313173 47.7333 21.7466
737313174 47.7321 21.75
737313176 47.7312 21.7521
737313177 47.7311 21.7524
737313178 47.7339 21.7522
737313182 47.7355 21.752
737313184 47.7342 21.7336
737313185 47.7346 21.738
737313186 47.7348 21.7393
737313187 47.7378 21.7522
737313188 47.7389 21.7523
737313189 47.7408 21.753
737313191 47.7415 21.7532
737313192 47.7433 21.7531
737313193 47.7442 21.7531
737313194 47.7452 21.7537
737313195 47.7472 21.7548
737313196 47.7502 21.7565
737313197 47.7532 21.7581
737313198 47.7581 21.7608
1135541851 47.7263 21.677
1135541891 47.7249 21.6755
1135541975 47.7682 21.6768
1135542029 47.7318 21.6801
1135542099 47.7381 21.6808
1135542159 47.7278 21.6783
1819006017 47.7689 21.677
1819006034 47.7691 21.6771
1819006079 47.7694 21.6772
1819006238 47.7789 21.6854
1819006593 47.7904 21.6955
1819044711 47.6962 21.6727
1819371234 47.6794 21.5396
1820236292 47.6904 21.6804
1820236367 47.692 21.6553
1820236417 47.6935 21.6652
1820236419 47.6937 21.6652
1820236425 47.6938 21.6664
1820236427 47.6938 21.6652
1820236432 47.6941 21.6653
1820236438 47.6941 21.6664
1820236455 47.6948 21.6723
1820236465 47.6949 21.6679
1820236470 47.6949 21.674
1820236471 47.6949 21.6681
1820236475 47.6949 21.6666
1820236482 47.695 21.6666
1820236486 47.6951 21.6681
1820236490 47.6952 21.6657
1820236500 47.6955 21.6711
1820236514 47.6956 21.6725
1820236521 47.6958 21.6683
1820236525 47.6958 21.6743
1820236530 47.6958 21.6711
1820236542 47.6962 21.6659
1820236544 47.6963 21.6685
1820236546 47.6966 21.6712
1820236548 47.6966 21.6672
1820236550 47.6987 21.6666
1820236553 47.6989 21.6753
1820236555 47.6994 21.6694
1820236563 47.7003 21.6757
1820236565 47.7003 21.6724
1820236568 47.7005 21.6757
1820236570 47.7006 21.6757
1820236572 47.7007 21.6755
1820236575 47.7008 21.6741
1820236577 47.701 21.6726
1820236580 47.7013 21.6702
1820236582 47.7014 21.67
1820236583 47.7015 21.6686
1820236586 47.7016 21.6674
1820236588 47.7016 21.6679
1820236591 47.7017 21.6674
1820236593 47.7018 21.6674
1820236595 47.7019 21.6674
1820236597 47.7023 21.6702
1820236599 47.7023 21.6688
1820236601 47.7025 21.6675
1820236603 47.7033 21.6732
1820236609 47.7012 21.6713
1820236611 47.7034 21.6691
1820236613 47.7038 21.6733
1820236616 47.704 21.6719
1820236619 47.7041 21.6707
1820236622 47.7043 21.6694
1820236624 47.7044 21.668
1820236627 47.7051 21.6722
1820236630 47.7058 21.6748
1820236633 47.7065 21.6751
1820236637 47.7059 21.6738
1820236643 47.7061 21.6725
1820236645 47.7063 21.6719
1820236648 47.7064 21.6685
1820236649 47.7066 21.6713
1820236651 47.7071 21.6701
1820236653 47.7075 21.6692
1820236655 47.7076 21.6689
1820236669 47.7081 21.6679
1820236671 47.7082 21.6675
1820236674 47.7083 21.667
1820236677 47.7087 21.6644
1820236681 47.709 21.6614
1820236684 47.7093 21.6594
1820329184 47.68 21.5442
1820329190 47.6807 21.5491
1820329201 47.6821 21.56
1820329206 47.6825 21.563
1820329211 47.6828 21.5657
1820329219 47.683 21.5676
1820329220 47.6831 21.5681
1820329223 47.6832 21.5684
1820329224 47.6832 21.5685
1820329232 47.6838 21.5696
1820329275 47.6867 21.574
1820329294 47.6873 21.575
1820329331 47.6883 21.5767
1820329395 47.6905 21.6804
1820329398 47.6905 21.6804
1820329402 47.6906 21.6804
1820329424 47.6915 21.6806
1820329429 47.6917 21.582
1820329444 47.6929 21.5839
1820329452 47.6935 21.681
1820329474 47.6942 21.6812
1820329484 47.6948 21.6813
1820329496 47.6956 21.5883
1820329510 47.6958 21.5887
1820329512 47.6959 21.5887
1820329520 47.6963 21.5903
1820329523 47.6965 21.5909
1820329531 47.6969 21.6816
1820329536 47.697 21.5928
1820329540 47.6972 21.6816
1820329555 47.6981 21.5965
1820329557 47.6982 21.5969
1820329561 47.6986 21.5983
1820329571 47.6989 21.5991
1820329572 47.6989 21.6814
1820329599 47.7009 21.6811
1820329608 47.7012 21.6811
1820329609 47.7014 21.6811
1820329610 47.7015 21.6812
1820329612 47.702 21.6099
1820329613 47.7028 21.6929
1820329614 47.7028 21.693
1820329617 47.7032 21.6824
1820329618 47.7034 21.691
1820329633 47.7036 21.6827
1820329635 47.7037 21.6828
1820329637 47.7037 21.6833
1820329639 47.7037 21.683
1820329641 47.7037 21.6158
1820329643 47.7038 21.6831
1820329645 47.7038 21.6844
1820329646 47.7038 21.6831
1820329647 47.7038 21.6946
1820329648 47.7039 21.689
1820329650 47.704 21.6791
1820329651 47.704 21.679
1820329653 47.7041 21.6794
1820329654 47.7041 21.6788
1820329655 47.7043 21.68
1820329656 47.7043 21.6959
1820329670 47.7043 21.6956
1820329674 47.7043 21.687
1820329676 47.7043 21.6805
1820329679 47.7044 21.6807
1820329681 47.7044 21.6954
1820329683 47.7044 21.6953
1820329686 47.7044 21.6809
1820329687 47.7046 21.6971
1820329688 47.7045 21.681
1820329689 47.7045 21.6186
1820329691 47.7046 21.6858
1820329692 47.7046 21.6783
1820329693 47.7046 21.6813
1820329695 47.7047 21.6852
1820329696 47.7047 21.6815
1820329709 47.7047 21.6944
1820329711 47.7048 21.6193
1820329713 47.7048 21.6851
1820329715 47.7048 21.6817
1820329717 47.7048 21.6831
1820329719 47.7048 21.6848
1820329722 47.7048 21.6821
1820329723 47.7049 21.6828
1820329724 47.7049 21.6831
1820329725 47.7049 21.6837
1820329726 47.7049 21.678
1820329727 47.7049 21.6746
1820329728 47.705 21.6783
1820329729 47.705 21.6777
1820329731 47.7052 21.6207
1820329732 47.7052 21.6784
1820329733 47.7052 21.6772
1820329750 47.7053 21.677
1820329754 47.7055 21.6765
1820329757 47.7055 21.6774
1820329759 47.7055 21.6776
1820329761 47.7056 21.6779
1820329762 47.7056 21.6783
1820329763 47.7056 21.6785
1820329764 47.7056 21.6756
1820329765 47.7057 21.6786
1820329768 47.7058 21.6229
1820329769 47.7059 21.6748
1820329774 47.706 21.6903
1820329775 47.706 21.6733
1820329778 47.7061 21.6727
1820329779 47.7062 21.6768
1820329780 47.7063 21.6244
1820329781 47.7063 21.6642
1820329782 47.7066 21.6712
1820329784 47.7067 21.6861
1820329785 47.7067 21.6712
1820329786 47.7068 21.6712
1820329787 47.7068 21.6726
1820329788 47.7069 21.6265
1820329789 47.707 21.6737
1820329790 47.7072 21.6278
1820329791 47.7072 21.6864
1820329792 47.7072 21.6642
1820329793 47.7073 21.6792
1820329794 47.7074 21.6864
1820329795 47.7074 21.6694
1820329796 47.7075 21.6694
1820329797 47.7075 21.6712
1820329798 47.7075 21.6476
1820329800 47.7076 21.6695
1820329801 47.7076 21.659
1820329802 47.7076 21.6588
1820329803 47.7076 21.6643
1820329804 47.7076 21.6588
1820329805 47.7077 21.6587
1820329806 47.7077 21.6587
1820329808 47.7077 21.6695
1820329810 47.7078 21.6587
1820329811 47.7078 21.6711
1820329812 47.7078 21.6866
1820329813 47.7079 21.6587
1820329826 47.7079 21.6841
1820329827 47.708 21.6478
1820329828 47.708 21.6711
1820329829 47.708 21.6711
1820329830 47.7081 21.6306
1820329831 47.7081 21.671
1820329832 47.7082 21.6832
1820329833 47.7082 21.668
1820329834 47.7083 21.6709
1820329837 47.7083 21.6644
1820329839 47.7083 21.6694
1820329841 47.7084 21.6709
1820329843 47.7084 21.6667
1820329845 47.7084 21.6711
1820329849 47.7084 21.6588
1820329853 47.7084 21.6725
1820329865 47.7084 21.6736
1820329866 47.7084 21.6834
1820329869 47.7085 21.632
1820329870 47.7085 21.6736
1820329873 47.7085 21.6586
1820329875 47.7085 21.6322
1820329877 47.7085 21.6327
1820329879 47.7085 21.6586
1820329881 47.7085 21.6679
1820329885 47.7086 21.6736
1820329887 47.7086 21.6819
1820329889 47.7086 21.687
1820329891 47.7086 21.6346
1820329893 47.7086 21.6836
1820329895 47.7086 21.6585
1820329904 47.7087 21.6385
1820329905 47.7087 21.6736
1820329906 47.7087 21.671
1820329907 47.7088 21.6812
1820329908 47.7088 21.6421
1820329909 47.7088 21.6628
1820329911 47.7089 21.681
1820329913 47.7089 21.6451
1820329915 47.709 21.659
1820329917 47.709 21.6779
1820329919 47.709 21.648
1820329921 47.709 21.6745
1820329923 47.709 21.6483
1820329925 47.709 21.6873
1820329927 47.7091 21.6588
1820329931 47.7092 21.6587
1820329935 47.7092 21.68
1820329942 47.7092 21.6528
1820329943 47.7092 21.6629
1820329944 47.7092 21.6799
1820329949 47.7093 21.648
1820329951 47.7093 21.6548
1820329955 47.7093 21.6844
1820329957 47.7093 21.6587
1820329959 47.7093 21.6586
1820329960 47.7094 21.6569
1820329963 47.7094 21.6724
1820329964 47.7094 21.6582
1820329966 47.7094 21.6527
1820329968 47.7094 21.6792
1820329970 47.7095 21.6666
1820329972 47.7095 21.648
1820329974 47.7095 21.6845
1820329976 47.7097 21.6708
1820329982 47.7097 21.6782
1820329983 47.7097 21.6782
1820329984 47.7098 21.648
1820329986 47.7098 21.678
1820329992 47.7099 21.6748
1820329996 47.7099 21.648
1820329998 47.71 21.6693
1820330002 47.71 21.6643
1820330004 47.71 21.6846
1820330006 47.71 21.648
1820330008 47.7101 21.6748
1820330010 47.7101 21.6666
1820330012 47.7101 21.6678
1820330014 47.7101 21.6748
1820330016 47.7102 21.6693
1820330020 47.7102 21.6747
1820330021 47.7102 21.6707
1820330023 47.7103 21.6783
1820330025 47.7103 21.6724
1820330027 47.7103 21.6766
1820330031 47.7103 21.6735
1820330034 47.7104 21.6737
1820330038 47.7104 21.6478
1820330040 47.7104 21.6743
1820330041 47.7104 21.6743
1820330044 47.7104 21.6766
1820330046 47.7104 21.6744
1820330047 47.7104 21.6824
1820330052 47.7105 21.6678
1820330054 47.7105 21.6764
1820330056 47.7105 21.681
1820330058 47.7107 21.6478
1820330063 47.7107 21.6707
1820330065 47.7108 21.6849
1820330067 47.7108 21.6527
1820330071 47.7109 21.6723
1820330074 47.7109 21.6475
1820330076 47.7109 21.6474
1820330078 47.7109 21.6477
1820330080 47.7109 21.6767
1820330082 47.7109 21.6758
1820330084 47.7109 21.6472
1820330086 47.7109 21.6477
1820330088 47.711 21.6478
1820330090 47.711 21.6479
1820330092 47.7111 21.6755
1820330094 47.7111 21.6755
1820330096 47.7112 21.6481
1820330098 47.7112 21.6756
1820330103 47.7113 21.6482
1820330105 47.7114 21.6485
1820330107 47.7114 21.6456
1820330109 47.7116 21.6768
1820330111 47.7117 21.6496
1820330113 47.7118 21.6706
1820330114 47.7118 21.6502
1820330115 47.7119 21.6507
1820330116 47.712 21.6511
1820330117 47.712 21.6526
1820330118 47.712 21.6526
1820330119 47.712 21.6853
1820330120 47.7121 21.6523
1820330121 47.7121 21.6769
1820330122 47.7121 21.6642
1820330123 47.7121 21.674
1820330124 47.7122 21.6556
1820330125 47.7122 21.6739
1820330127 47.7123 21.643
1820330128 47.7124 21.6602
1820330129 47.7124 21.6626
1820330130 47.7124 21.6627
1820330131 47.7124 21.6783
1820330132 47.7125 21.6639
1820330133 47.7125 21.6639
1820330134 47.7125 21.6642
1820330135 47.7125 21.6652
1820330136 47.7125 21.6664
1820330137 47.7126 21.6676
1820330138 47.7126 21.6733
1820330140 47.7126 21.6691
1820330141 47.7126 21.6691
1820330142 47.7126 21.6792
1820330143 47.7126 21.6792
1820330144 47.7126 21.6802
1820330145 47.7127 21.6783
1820330146 47.7127 21.6705
1820330149 47.7127 21.6721
1820330150 47.7127 21.6721
1820330151 47.7127 21.6732
1820330153 47.7127 21.6757
1820330154 47.7127 21.6739
1820330155 47.7127 21.6751
1820330156 47.7127 21.681
1820330157 47.7129 21.682
1820330159 47.713 21.6824
1820330160 47.7132 21.6831
1820330162 47.7133 21.6839
1820330165 47.7135 21.672
1820330167 47.7135 21.6757
1820330168 47.7134 21.6775
1820330169 47.7135 21.6739
1820330171 47.7135 21.6733
1820330173 47.7136 21.6859
1820330174 47.7136 21.672
1820330175 47.7136 21.6706
1820330177 47.7136 21.6626
1820330178 47.7136 21.6893
1820330179 47.7136 21.669
1820330180 47.7136 21.672
1820330181 47.7136 21.6664
1820330182 47.7137 21.6652
1820330183 47.7138 21.6859
1820330184 47.7138 21.6842
1820330186 47.714 21.6652
1820330187 47.714 21.6844
1820330188 47.7141 21.6843
1820330189 47.7141 21.6376
1820330190 47.7141 21.6739
1820330191 47.7143 21.6896
1820330192 47.7143 21.6846
1820330193 47.7143 21.637
1820330194 47.7144 21.6846
1820330195 47.7144 21.6897
1820330196 47.7144 21.6843
1820330197 47.7144 21.6845
1820330198 47.7145 21.6844
1820330199 47.7147 21.6844
1820330200 47.7148 21.6361
1820330201 47.7148 21.6775
1820330202 47.7149 21.6845
1820330203 47.7149 21.6325
1820330204 47.715 21.6846
1820330205 47.7151 21.6333
1820330206 47.7151 21.6847
1820330207 47.7151 21.6356
1820330208 47.7152 21.6847
1820330209 47.7152 21.6354
1820330210 47.7152 21.6847
1820330211 47.7153 21.672
1820330213 47.7153 21.6739
1820330214 47.7153 21.6793
1820330215 47.7153 21.6757
1820330216 47.7153 21.6846
1820330217 47.7153 21.6775
1820330218 47.7153 21.6347
1820330219 47.7153 21.6811
1820330220 47.7153 21.682
1820330221 47.7153 21.6824
1820330222 47.7153 21.6826
1820330223 47.7153 21.6832
1820330224 47.7153 21.6841
1820330225 47.7153 21.6844
1820330226 47.7153 21.635
1820330227 47.7156 21.6627
1820330228 47.7158 21.6739
1820330229 47.7158 21.6654
1820330230 47.7158 21.6628
1820330231 47.7159 21.664
1820330232 47.7159 21.6641
1820330233 47.7159 21.6643
1820330235 47.7159 21.6627
1820330236 47.7161 21.6623
1820330238 47.7162 21.662
1820330239 47.7162 21.664
1820330240 47.7163 21.6619
1820330241 47.7163 21.6826
1820330242 47.7164 21.6619
1820330243 47.7165 21.6619
1820330244 47.7165 21.6641
1820330245 47.717 21.6811
1820330246 47.717 21.6618
1820330247 47.7171 21.6618
1820330248 47.7171 21.6642
1820330249 47.7171 21.6768
1820330250 47.7171 21.6776
1820330251 47.7171 21.6756
1820330252 47.7171 21.6618
1820330253 47.7171 21.6742
1820330254 47.7171 21.6739
1820330255 47.7171 21.672
1820330256 47.7171 21.6714
1820330257 47.7171 21.6793
1820330259 47.7171 21.6606
1820330260 47.7171 21.6617
1820330261 47.7172 21.6642
1820330262 47.7171 21.6651
1820330263 47.7171 21.6654
1820330264 47.7171 21.6666
1820330265 47.7171 21.6798
1820330267 47.7172 21.6563
1820330268 47.7172 21.6546
1820330269 47.7172 21.6811
1820330270 47.7172 21.6528
1820330271 47.7173 21.6526
1820330272 47.7173 21.6813
1820330283 47.7173 21.6809
1820330286 47.7174 21.6523
1820330288 47.7175 21.6809
1820330290 47.7175 21.6819
1820330292 47.7175 21.6842
1820330294 47.7176 21.682
1820330296 47.7176 21.6841
1820330298 47.7176 21.6822
1820330300 47.7177 21.6827
1820330302 47.7177 21.6833
1820330303 47.7177 21.6839
1820330304 47.7179 21.6826
1820330305 47.7182 21.6793
1820330306 47.7183 21.672
1820330307 47.7183 21.6766
1820330308 47.7183 21.6775
1820330309 47.7183 21.6511
1820330310 47.7183 21.6742
1820330311 47.7183 21.6741
1820330322 47.7183 21.6793
1820330326 47.7183 21.672
1820330328 47.7183 21.681
1820330330 47.7188 21.6741
1820330333 47.7189 21.6741
1820330335 47.7189 21.6746
1820330337 47.7189 21.6742
1820330338 47.7189 21.6747
1820330339 47.7189 21.6747
1820330340 47.719 21.6793
1820330341 47.7194 21.6775
1820330342 47.7195 21.6848
1820330343 47.7198 21.6776
1820330344 47.7198 21.6782
1820330345 47.7199 21.6792
1820330346 47.72 21.6806
1820330347 47.72 21.6812
1820330348 47.7201 21.6821
1820330350 47.7201 21.6822
1820330352 47.7201 21.6778
1820330367 47.7203 21.686
1820330369 47.7204 21.6752
1820330370 47.7204 21.6779
1820330371 47.7204 21.6767
1820330372 47.7204 21.6763
1820330373 47.7204 21.672
1820330374 47.7205 21.6753
1820330375 47.7206 21.6862
1820330376 47.7207 21.6481
1820330377 47.7207 21.6811
1820330378 47.721 21.6823
1820330379 47.721 21.683
1820330380 47.721 21.6862
1820330381 47.721 21.6811
1820330382 47.7211 21.6476
1820330383 47.7215 21.6824
1820330384 47.7215 21.672
1820330385 47.7216 21.6784
1820330386 47.7216 21.6756
1820330387 47.7216 21.6757
1820330388 47.7216 21.6782
1820330389 47.7219 21.6785
1820330390 47.7221 21.6813
1820330391 47.7221 21.6825
1820330392 47.7222 21.6864
1820330393 47.7234 21.6827
1820330394 47.726 21.677
1820330395 47.726 21.6772
1820330396 47.7261 21.6768
1820330397 47.7261 21.6773
1820330398 47.7262 21.6774
1820330399 47.7262 21.6765
1820330400 47.7262 21.6762
1820330401 47.7262 21.6775
1820330402 47.7262 21.6788
1820330403 47.7263 21.6796
1820330404 47.7262 21.678
1820330405 47.7283 21.6797
1820330406 47.7285 21.6797
1820330407 47.7286 21.6797
1820330408 47.7287 21.6796
1820330409 47.7288 21.6795
1820330410 47.7289 21.6793
1820330411 47.729 21.6791
1820330412 47.7307 21.68
1820330413 47.7307 21.6802
1820413732 47.7008 21.6742
1820413741 47.7058 21.6749
1820413763 47.7086 21.6871
1820413781 47.7096 21.693
1820413783 47.7096 21.6932
1820413785 47.7097 21.6928
1820413787 47.7097 21.6936
1820413789 47.7098 21.6926
1820413793 47.71 21.6944
1820413796 47.7102 21.6847
1820413797 47.7103 21.6767
1820413799 47.7103 21.6923
1820413815 47.7116 21.6987
1820413825 47.7126 21.6909
1820413829 47.7127 21.6773
1820413842 47.7138 21.6901
1820413844 47.7141 21.6899
1820413847 47.7143 21.6898
1820413849 47.7144 21.6897
1820413851 47.7146 21.6897
1820413853 47.7153 21.6776
1820413858 47.7171 21.6776
1820413860 47.7183 21.6775
1820413868 47.7198 21.6777
1820413886 47.7219 21.6786
1820413889 47.7224 21.7099
1820413892 47.7226 21.7102
1820413915 47.7239 21.7123
1820413940 47.7261 21.6797
1820413946 47.727 21.7171
1820413998 47.7289 21.6808
1820413999 47.7289 21.6809
1820414000 47.7289 21.681
1820414001 47.7289 21.6807
1820414002 47.7289 21.681
1820414003 47.7289 21.6806
1820414004 47.7289 21.6811
1820414005 47.729 21.6805
1820414008 47.729 21.6812
1820414010 47.729 21.6805
1820414011 47.729 21.6813
1820414012 47.729 21.6804
1820414013 47.7291 21.6813
1820414014 47.7291 21.6804
1820414015 47.7291 21.6813
1820414017 47.7291 21.6804
1820414018 47.7291 21.6804
1820414019 47.7291 21.6813
1820414021 47.7292 21.6804
1820414023 47.7292 21.6813
1820414024 47.7292 21.6804
1820414025 47.7292 21.681
1820414026 47.7292 21.6804
1820414027 47.7292 21.6806
1820414030 47.7293 21.6813
1820414031 47.7293 21.6804
1820414032 47.7293 21.68
1820414033 47.7293 21.6798
1820414034 47.7293 21.6813
1820414035 47.7293 21.6804
1820414036 47.7293 21.6813
1820414037 47.7294 21.6804
1820414041 47.7294 21.6804
1820414042 47.7294 21.6812
1820414047 47.7294 21.6805
1820414050 47.7295 21.6812
1820414051 47.7295 21.6806
1820414052 47.7295 21.6806
1820414053 47.7295 21.6811
1820414055 47.7295 21.6807
1820414056 47.7295 21.6809
1820414057 47.7295 21.6808
1820414058 47.7295 21.6809
1820414095 47.7312 21.7522
1820414098 47.7312 21.7524
1820414101 47.7314 21.7524
1820414103 47.7314 21.7516
1820414110 47.7318 21.7505
1820414111 47.7319 21.7504
1820414116 47.7324 21.7492
1820414120 47.7326 21.7485
1820414121 47.7326 21.7523
1820414127 47.7329 21.7476
1820414133 47.733 21.7473
1820414135 47.733 21.7473
1820414139 47.7333 21.7469
1820414140 47.7334 21.7465
1820414141 47.7334 21.7464
1820414143 47.7337 21.7453
1820414149 47.7338 21.7447
1820414150 47.7338 21.7299
1820414151 47.7339 21.7437
1820414152 47.734 21.7428
1820414153 47.7341 21.7423
1820414154 47.7342 21.7419
1820414158 47.7346 21.7408
1820414160 47.7348 21.7403
1820414161 47.7348 21.74
1820414162 47.7348 21.7398
1820414169 47.7361 21.752
1820414172 47.737 21.7521
1820414177 47.7381 21.7523
1820414184 47.7386 21.7523
1820414187 47.7391 21.7524
1820414191 47.7397 21.7526
1820414194 47.7417 21.7533
1820414195 47.742 21.7533
1820414198 47.7439 21.753
1820414201 47.745 21.7536
2431367861 47.7731 21.6802
2688846040 47.6956 21.6697
2688979643 47.7346 21.6806
2688979672 47.7329 21.6997
2688979707 47.7351 21.7023
2688979710 47.7349 21.7022
2688979712 47.7326 21.7014
2688979714 47.7269 21.6997
2688979716 47.7262 21.6996
2688979719 47.7328 21.7001
2688979720 47.7327 21.7009
2688979723 47.7324 21.702
2688979725 47.7305 21.7052
2688979726 47.7328 21.6991
2688979729 47.7327 21.6986
2688979731 47.7322 21.6977
2688979733 47.7313 21.6965
2688979735 47.7278 21.6916
2688979738 47.7264 21.6895
2688979739 47.7263 21.6893
2688979741 47.7259 21.6892
2688979743 47.7254 21.6891
2688979744 47.7251 21.689
2688979746 47.7247 21.6891
2688979748 47.7245 21.6891
2688979749 47.724 21.689
2688979750 47.7232 21.6888
2688979751 47.7226 21.6885
2688979754 47.7222 21.6882
2688979755 47.7218 21.6877
2688979756 47.7215 21.6875
2688979758 47.7213 21.6875
2688979759 47.7214 21.6881
2688979761 47.7215 21.6899
2688979762 47.7217 21.6926
2688979765 47.7219 21.6926
2688979767 47.7227 21.6924
2688979769 47.7238 21.6921
2688979771 47.7244 21.692
2688979773 47.725 21.6919
2688979789 47.7215 21.6898
2688979790 47.715 21.6911
2688982375 47.7175 21.6976
2688982376 47.7224 21.6965
2688982378 47.7265 21.6956
2688982380 47.73 21.6949
2688982381 47.7301 21.6947
2688982383 47.7221 21.6966
2688983439 47.725 21.683
2688983441 47.7283 21.6836
2688983444 47.7347 21.6847
2689008826 47.7428 21.6783
2689008833 47.7397 21.6801
2689009536 47.75 21.6774
2690402584 47.7414 21.6223
2690402597 47.7365 21.6129
2690415598 47.7373 21.6261
2690415602 47.7361 21.6273
2690415610 47.7352 21.6288
2690415614 47.7318 21.6336
2690415617 47.7275 21.6378
2690415621 47.7256 21.6398
2690415625 47.7253 21.6403
2690415629 47.725 21.641
2690415634 47.7245 21.6417
2690415638 47.724 21.6423
2690415642 47.7238 21.6428
2690415645 47.7235 21.6442
2690415648 47.7232 21.6449
2690415653 47.7224 21.646
2690415656 47.7273 21.6481
2690415659 47.7297 21.6483
2690415661 47.7328 21.6468
2690415665 47.7335 21.6467
2690415685 47.7364 21.6461
2690415692 47.7367 21.6458
2690415694 47.7397 21.6453
2690415698 47.7491 21.6436
2690415704 47.7386 21.6363
2690415707 47.7383 21.639
2690415710 47.7356 21.6382
2690415713 47.734 21.6382
2690415716 47.7314 21.6384
2690415719 47.7292 21.6376
2690415722 47.7285 21.6376
2690415724 47.7277 21.6376
2690423577 47.7485 21.6437
2690423579 47.7283 21.6227
2690423581 47.7197 21.633
2690423583 47.7168 21.6363
2690423585 47.7167 21.6365
2690423587 47.7164 21.6365
2690423589 47.7149 21.6359
2832544392 47.7388 21.6805
2832544393 47.6932 21.6557
2832544397 47.6947 21.6561
2884648610 47.7146 21.6611
2969144787 47.6811 21.5524
3046280880 47.7136 21.6775
3046280881 47.7242 21.6795
3046286617 47.7269 21.6797
3046296015 47.7261 21.6796
3046296016 47.7262 21.6813
3046296017 47.7262 21.6832
3046337957 47.7255 21.6918
3046337958 47.7257 21.6918
3046337959 47.7258 21.6918
3046337960 47.7259 21.6918
3046337961 47.7262 21.6917
3046337962 47.7265 21.6916
3046337963 47.7267 21.6915
3046337964 47.7275 21.6913
3046337965 47.7276 21.6913
3046337966 47.7276 21.6913
3046337967 47.7274 21.6999
3046337968 47.7272 21.6997
3046337969 47.7262 21.7002
3046337970 47.7259 21.7002
3046337971 47.7255 21.7003
3046337972 47.7251 21.7003
3046337973 47.725 21.7004
3046337974 47.7245 21.7005
3046337975 47.724 21.7006
3046337976 47.7237 21.7006
3046337977 47.7233 21.7007
3046337978 47.7231 21.7008
3046337979 47.7229 21.7008
3046337980 47.7228 21.7009
3046337981 47.7226 21.7009
3046337982 47.7222 21.6976
3046337983 47.7223 21.6986
3046337984 47.7225 21.6996
3046347648 47.7328 21.7281
3046347651 47.7464 21.6778
3046356987 47.7432 21.6782
3046376760 47.7175 21.6639
3046376761 47.7177 21.6632
3046376762 47.7179 21.6632
3046376763 47.7181 21.6633
3046376764 47.7182 21.6633
3046376765 47.7185 21.6633
3046376766 47.7189 21.6633
3046376767 47.7196 21.6634
3046376768 47.7202 21.6635
3046376769 47.7212 21.6635
3046376770 47.7214 21.6635
3046376771 47.7215 21.6635
3046376772 47.7216 21.6635
3046376773 47.7217 21.6635
3046376774 47.7218 21.6635
3046376775 47.7223 21.6635
3046376776 47.7225 21.6636
3046376777 47.7229 21.6636
3046376778 47.7233 21.6637
3046376779 47.7238 21.6637
3046376780 47.7246 21.6637
3046376781 47.7251 21.6638
3046376782 47.7252 21.6624
3046376783 47.7252 21.6621
3046376784 47.7252 21.6615
3046376785 47.7253 21.6609
3046376786 47.7253 21.6602
3046376787 47.7254 21.6599
3046376788 47.7254 21.6597
3046384594 47.7172 21.6572
3046384595 47.7179 21.6572
3046384596 47.7188 21.6573
3046384597 47.7195 21.6573
3046384598 47.7198 21.6574
3046384599 47.7201 21.6574
3046384600 47.7207 21.6574
3046384601 47.7212 21.6574
3046384602 47.7214 21.6575
3046384603 47.7219 21.6575
3046384604 47.7226 21.6575
3046384605 47.7228 21.6575
3046384606 47.7235 21.6576
3046384607 47.7239 21.6576
3046384608 47.7246 21.6576
3046384609 47.7248 21.6576
3046384610 47.7252 21.6576
3046384611 47.7259 21.6577
3046384612 47.7265 21.6577
3046384613 47.7268 21.6577
3046384614 47.727 21.6577
3046384615 47.7271 21.6577
3046384616 47.7273 21.6578
3046384617 47.7276 21.6578
3046384618 47.7283 21.6578
3046384619 47.7287 21.6578
3046384620 47.7291 21.6578
3046384621 47.7295 21.6578
3046384622 47.73 21.6579
3046384623 47.7304 21.6579
3046384624 47.7312 21.6579
3046384625 47.7316 21.658
3046384626 47.7321 21.658
3046384627 47.7325 21.658
3046384628 47.7331 21.658
3046384629 47.7335 21.658
3046384630 47.7338 21.658
3046384631 47.7342 21.658
3046384632 47.7347 21.658
3046398633 47.7355 21.658
3046398634 47.7212 21.6697
3046398635 47.7214 21.6696
3046398636 47.7244 21.6698
3046398637 47.7245 21.6697
3046398638 47.7245 21.6697
3046398639 47.7247 21.6677
3046398640 47.7249 21.6665
3046398641 47.7249 21.6664
3046398642 47.7249 21.6663
3046398643 47.7249 21.6655
3046398644 47.725 21.665
3046398645 47.7251 21.6644
3046398646 47.7252 21.6639
3046398647 47.7212 21.6698
3046398648 47.721 21.6699
3046398649 47.721 21.67
3046398650 47.7209 21.6699
3046398651 47.7205 21.6697
3046398652 47.7204 21.6696
3046398653 47.7203 21.6696
3046398654 47.7201 21.6695
3046398655 47.7201 21.6695
3046398656 47.7196 21.6695
3046398657 47.7192 21.6694
3046398658 47.7184 21.6694
3046398659 47.7182 21.6693
3046398660 47.7181 21.6693
3046398661 47.7177 21.6693
3046398662 47.7171 21.6692
3046398663 47.7136 21.6677
3046398664 47.7151 21.6677
3046398665 47.7151 21.6674
3046398666 47.7151 21.6673
3046398667 47.7152 21.6672
3046398668 47.7153 21.6671
3046400281 47.7173 21.6654
3046400282 47.7186 21.6667
3046400283 47.7188 21.6667
3046406013 47.7255 21.6594
3046406014 47.7255 21.6589
3046406015 47.7255 21.6584
3046406016 47.7255 21.6577
3046406017 47.7256 21.6563
3046406018 47.7297 21.6488
3046406019 47.73 21.652
3046406020 47.7284 21.6519
3046406021 47.7279 21.6519
3046406022 47.7269 21.6518
3046406023 47.7269 21.6508
3046406024 47.727 21.6494
3046406025 47.727 21.6484
3046406026 47.727 21.6481
3046413327 47.7133 21.6557
3046413328 47.7134 21.6557
3046413329 47.7135 21.6559
3046413330 47.7136 21.6565
3046413331 47.7137 21.6569
3046413332 47.7141 21.6569
3046414633 47.7143 21.6568
3046414634 47.7256 21.6549
3046414635 47.7256 21.6527
3046414636 47.7256 21.6518
3046428350 47.7431 21.6525
3046428351 47.7423 21.6526
3046428352 47.7412 21.6528
3046428353 47.7402 21.653
3046428354 47.7387 21.6532
3046428355 47.7373 21.6535
3046428356 47.7351 21.6539
3046428357 47.7343 21.6541
3046428358 47.7334 21.6543
3046428359 47.7327 21.6544
3046428360 47.7321 21.6545
3046428361 47.7314 21.6546
3046428362 47.7302 21.6548
3046428363 47.7306 21.6604
3046428364 47.7306 21.6605
3046428365 47.7306 21.6608
3046428366 47.7308 21.6636
3046428367 47.7309 21.6647
3046428368 47.7311 21.6671
3046428369 47.7313 21.6697
3048041032 47.7126 21.6783
3048041033 47.7126 21.6792
3048041035 47.7127 21.681
3048041036 47.713 21.6824
3048041038 47.7137 21.6859
3048041039 47.7136 21.6859
3048041040 47.7145 21.6897
3048041041 47.7148 21.6904
3048041042 47.7147 21.6901
3048041049 47.7165 21.6951
3048052145 47.7153 21.6677
3048058404 47.7151 21.668
3048058405 47.7152 21.6681
3048058406 47.7155 21.6681
3048059949 47.7172 21.6637
3052157636 47.7064 21.6645
3052157637 47.7068 21.6645
3052157638 47.7068 21.6642
3052239642 47.7152 21.6718
3052239643 47.7153 21.6717
3052239644 47.7153 21.671
3052239645 47.7153 21.6709
3052239646 47.7152 21.6709
3052239647 47.7152 21.6709
3052239648 47.7152 21.6709
3052239649 47.7151 21.671
3052239650 47.7151 21.6716
3052318795 47.7089 21.6768
3052318796 47.709 21.6772
3052318797 47.7089 21.6773
3052373026 47.7053 21.699
3052373027 47.7058 21.7008
3052373028 47.7065 21.703
3052373029 47.7068 21.7041
3052373030 47.7075 21.7062
3052373031 47.708 21.7079
3052373032 47.7083 21.7089
3052373933 47.7062 21.7102
3052373934 47.7052 21.7112
3052373935 47.7051 21.7113
3052373936 47.705 21.7114
3052373937 47.7047 21.7114
3052373938 47.7046 21.711
3052373939 47.7045 21.7108
3052373940 47.7043 21.7107
3052373941 47.7042 21.7106
3052373942 47.7039 21.7106
3052373943 47.7027 21.7105
3052373944 47.7007 21.7103
3052373945 47.6997 21.7102
3052373946 47.6996 21.7102
3052373947 47.6968 21.7098
3052373948 47.6957 21.7097
3052373949 47.6955 21.7096
3052373950 47.6952 21.7094
3052373951 47.6945 21.7087
3052373952 47.6927 21.707
3052373953 47.6919 21.7062
3052373954 47.6918 21.7061
3052373955 47.6912 21.7055
3052373956 47.6903 21.7047
3052373957 47.6902 21.7046
3052373958 47.69 21.7045
3052373959 47.6898 21.7044
3052373960 47.6896 21.7042
3052373961 47.6892 21.7036
3052373962 47.6884 21.7028
3052373963 47.6879 21.7023
3052373964 47.6877 21.7021
3052373965 47.6875 21.7019
3052373966 47.687 21.7014
3052373967 47.6864 21.7008
3052373968 47.6851 21.6995
3052373969 47.6847 21.6991
3052373970 47.6836 21.6979
3052373971 47.6831 21.6975
3052373972 47.6828 21.6971
3052373973 47.6827 21.6966
3052373974 47.6824 21.6963
3076259743 47.709 21.6762
3086066235 47.7027 21.6622
3086066236 47.704 21.6624
3086066237 47.7077 21.6632
3086066238 47.7087 21.6641
3086066239 47.713 21.6604
3086066240 47.7141 21.6609
3086066241 47.7171 21.6634
3086066242 47.7247 21.6752
3086066243 47.7274 21.678
3086066244 47.7372 21.6809
3086066245 47.7401 21.6798
3086066246 47.7423 21.6785
3086066248 47.7552 21.6768
3086066249 47.768 21.6767
3086066250 47.7703 21.6777
3086068147 47.6961 21.661
3086068148 47.6962 21.6615
3086068195 47.6982 21.6594
3086068196 47.6983 21.6611
3086068197 47.6984 21.6616
3086068198 47.6986 21.6581
3086068199 47.6991 21.6553
3086068258 47.6908 21.6549
3086068259 47.6962 21.6607
3086068273 47.6971 21.6616
3086068375 47.6961 21.6614
3086068379 47.6964 21.6605
3086068458 47.6982 21.6591
3086068459 47.6983 21.659
3086068460 47.6984 21.6601
3086068461 47.6985 21.6587
3086068462 47.6988 21.6565
3086068463 47.7024 21.662
3086068464 47.7033 21.6624
3086068465 47.7074 21.663
3086068466 47.7082 21.6637
3086068467 47.7117 21.66
3086068468 47.7163 21.6625
3086068469 47.7258 21.6765
3086068470 47.7369 21.6809
3086068471 47.7391 21.6804
3086068472 47.7416 21.6788
3086068475 47.7606 21.6763
3086068476 47.77 21.6776
3086068477 47.7714 21.6786
3086068581 47.6983 21.6605
3086068582 47.6983 21.6603
3086068583 47.6984 21.6617
3086068584 47.6988 21.657
3086068585 47.7007 21.6619
3086068586 47.7029 21.6623
3086068587 47.7061 21.6628
3086068588 47.7109 21.6597
3086068589 47.7133 21.6605
3086068590 47.7149 21.6614
3086068591 47.7189 21.666
3086068592 47.7253 21.6759
3086068593 47.7285 21.6787
3086068594 47.7379 21.6808
3086068595 47.7412 21.6791
3086068599 47.7686 21.6769
3086068600 47.7705 21.6779
3122855297 47.7864 21.6919
3123606553 47.7266 21.678
3123606554 47.7266 21.6779
3123606555 47.7264 21.678
3123606556 47.7264 21.678
3123606557 47.7264 21.6793
3123606558 47.7265 21.6794
3123606559 47.7266 21.6794
3123606560 47.7267 21.678
3123606561 47.727 21.6783
3123606562 47.727 21.6785
3123606570 47.7262 21.6753
3123606571 47.7262 21.6739
3123606572 47.7259 21.6723
3123606573 47.726 21.6706
3123610383 47.7276 21.675
3123610384 47.7276 21.6746
3123610385 47.7292 21.6743
3123610386 47.7307 21.6741
3123610387 47.7309 21.6755
3123610388 47.7337 21.675
3123610389 47.7337 21.6741
3123622484 47.747 21.6778
3123624636 47.7454 21.6443
3123625785 47.7465 21.6441
3123628492 47.7437 21.6446
3292460498 47.6969 21.6566
3292460499 47.6964 21.6564
3292460500 47.6955 21.6561
3292460501 47.6952 21.6562
3292460502 47.6954 21.6562
